duration= 100 000

99331
99325
99318
99326
99327
99331
99333
99333
99327
99316
99327
99325
99332
99337
99318
99298
99318
99355
99321
99330
99326
99324
99325
99332
99302
99326
99330
99322
99321
99318
99333
99307
99334
99329
99324
99324
99334
99330
99401
99327
99324
99326
99326
99340
99333
99326
99353
99301
99327
99333

min = 99298
max = 99401
average = 99327

################################################3

duration= 100 000

99328
99325
99361
99293
99339
99330
99329
99306
99369
99339
99306
99330
99293
99299
99333
99322
99324
99367
99326
99174
99325
99317
99323
99330
99337
99327
99331
99324
99324
99330
99330
99327
99324
99350
99352
99333
99333
99337
99321
99328
99326
99328
99334
99326
99327
99321
99325
99324
99328
99330

min = 99174
max = 99369
average = 99325

###########################################

duration = 5000

4929
4895
4927
4883
4949
4904
4919
4939
4943
4935
4960
5006
4967
4923
4988
4932
4961
4931
4992
4937
4961
5091
4963
4928
4991
5132
4964
4951
4938
4936
4962
4940
4937
4928
4987
4941
4964
4943
4963
4935
4962
5129
4962
4919
4988
4935
4960
4942
4965
4935

min = 4883
max = 5132
average = 4957

#########################################

duration = 500

173
264
257
258
42
259
261
260
171
263
262
263
182
265
259
260
188
257
252
308
168
259
260
259
26
258
260
260
175
249
253
254
168
265
273
274
79
274
266
265
109
265
265
266
32
725
715
711
437
257

min = 26
max = 725
average = 260

######################
